0 0 0 0 4 1
0 0 0 0 20 1
1 1 0 0 0 0
1 1 0 0 2 0
1 1 0 0 4 1
1 1 0 0 20 1
1 0 1 0 1 0
1 0 1 0 3 0
1 0 1 0 4 1
1 0 1 0 10 1
1 0 0 1 2 0
1 0 0 1 3 0
1 0 0 1 4 1
1 0 0 1 13 1
2 1 1 0 0 0
2 1 1 0 1 0
2 1 1 0 4 1
2 1 1 0 5 1
2 1 0 1 0 0
2 1 0 1 1 0
2 1 0 1 4 1
2 1 0 1 8 1
2 0 1 1 0 0
2 0 1 1 2 0
2 0 1 1 4 1
2 0 1 1 100 1
3 1 1 1 0 0
3 1 1 1 3 0
3 1 1 1 4 1
3 1 1 1 123 1
3 1 2 0 1 0
3 1 2 0 2 0
3 1 2 0 4 1
3 1 2 0 10 1
3 1 0 2 2 0
3 1 0 2 3 0
3 1 0 2 4 1
3 1 0 2 22 1
3 2 1 0 0 0
3 2 1 0 1 0
3 2 1 0 4 1
3 2 1 0 11 1
3 2 0 1 0 0
3 2 0 1 2 0
3 2 0 1 4 1
3 2 0 1 15 1
3 0 1 2 2 0
3 0 1 2 3 0
3 0 1 2 4 1
3 0 1 2 35 1
3 0 2 1 0 0
3 0 2 1 1 0
3 0 2 1 4 1
3 0 2 1 6 1
3 3 0 0 0 0
3 3 0 0 3 0
3 3 0 0 4 1
3 3 0 0 27 1
3 0 3 0 1 0
3 0 3 0 2 0
3 0 3 0 4 1
3 0 3 0 7 1
3 0 0 3 0 0
3 0 0 3 1 0
3 0 0 3 4 1
3 0 0 3 77 1
4 4 0 0 1 0
4 4 0 0 2 0
4 4 0 0 4 1
4 4 0 0 5 1
4 0 4 0 2 2
4 0 4 0 3 2
4 0 4 0 4 3
4 0 4 0 15 3
4 0 0 4 0 2
4 0 0 4 1 2
4 0 0 4 4 3
4 0 0 4 35 3
4 3 1 0 1 0
4 3 1 0 3 0
4 3 1 0 4 1
4 3 1 0 17 1
4 1 3 0 0 0
4 1 3 0 1 0
4 1 3 0 4 1
4 1 3 0 17 1
4 3 0 1 2 0
4 3 0 1 3 0
4 3 0 1 4 1
4 3 0 1 47 1
4 1 0 3 1 2
4 1 0 3 2 2
4 1 0 3 4 3
4 1 0 3 107 3
4 0 1 3 0 2
4 0 1 3 3 2
4 0 1 3 4 3
4 0 1 3 87 3
4 2 2 0 2 0
4 2 2 0 3 0
4 2 2 0 4 1
4 2 2 0 5 1
4 2 0 2 0 0
4 2 0 2 1 0
4 2 0 2 4 1
4 2 0 2 51 1
5 5 0 0 1 2
5 5 0 0 3 2
5 5 0 0 4 3
5 5 0 0 31 3
5 0 5 0 0 2
5 0 5 0 2 2
5 0 5 0 4 3
5 0 5 0 91 3
5 0 0 5 2 2
5 0 0 5 3 2
5 0 0 5 4 3
5 0 0 5 11 3
5 4 1 0 0 0
5 4 1 0 1 0
5 4 1 0 4 1
5 4 1 0 7 1
5 4 0 1 2 0
5 4 0 1 3 0
5 4 0 1 4 1
5 4 0 1 57 1
5 1 4 0 0 2
5 1 4 0 2 2
5 1 4 0 4 3
5 1 4 0 12 3
5 1 0 4 1 2
5 1 0 4 3 2
5 1 0 4 4 3
5 1 0 4 32 3
5 1 3 1 0 0
5 1 3 1 3 0
5 1 3 1 4 1
5 1 3 1 13 1
5 1 1 3 1 2
5 1 1 3 2 2
5 1 1 3 4 3
5 1 1 3 30 3
5 3 2 0 1 0
5 3 2 0 3 0
5 3 2 0 4 1
5 3 2 0 16 1
5 2 3 0 0 0
5 2 3 0 2 0
5 2 3 0 4 1
5 2 3 0 66 1
5 3 0 2 0 0
5 3 0 2 1 0
5 3 0 2 4 1
5 3 0 2 116 1
5 0 2 3 2 2
5 0 2 3 3 2
5 0 2 3 4 3
5 0 2 3 36 3
5 2 0 3 0 2
5 2 0 3 2 2
5 2 0 3 4 3
5 2 0 3 6 3
6 6 0 0 1 2
6 6 0 0 3 2
6 6 0 0 4 3
6 6 0 0 19 3
6 0 6 0 2 2
6 0 6 0 3 2
6 0 6 0 4 3
6 0 6 0 39 3
6 0 0 6 0 2
6 0 0 6 1 2
6 0 0 6 4 3
6 0 0 6 9 3
6 5 1 0 0 2
6 5 1 0 3 2
6 5 1 0 4 3
6 5 1 0 7 3
6 1 5 0 1 2
6 1 5 0 2 2
6 1 5 0 4 3
6 1 5 0 17 3
6 5 0 1 2 2
6 5 0 1 3 2
6 5 0 1 4 3
6 5 0 1 77 3
6 1 0 5 0 2
6 1 0 5 1 2
6 1 0 5 4 3
6 1 0 5 67 3
6 3 2 1 0 2
6 3 2 1 2 2
6 3 2 1 4 3
6 3 2 1 72 3
6 2 2 2 1 2
6 2 2 2 3 2
6 2 2 2 4 3
6 2 2 2 71 3
7 4 1 2 0 2
7 4 1 2 1 2
7 4 1 2 4 3
7 4 1 2 73 3
8 7 1 1 3 2
9 3 3 3 4 3
10 6 2 2 0 2
10 6 2 2 3 2
10 6 2 2 4 3
10 6 2 2 8 3
120 30 50 40 1 2
120 30 50 40 2 2
120 30 50 40 4 3
120 30 50 40 10 3
6 1 2 3 4 3
7 1 1 5 5 3
8 3 5 0 4 3
9 9 0 0 4 3
11 2 7 2 4 3
12 4 4 4 4 3
500 400 50 50 5 3 